2 1
3 2
4 2
5 3
6 3
7 4
8 4
9 5
10 5
11 6
12 6
13 7
2 1 100 50
3 2 100 50
4 2 100 50
5 3 100 50
6 3 100 50
1 1 81 76
2 2 81 76
1 1 35 54
1 2 35 54
2 2 35 54
2 3 35 54
3 4 35 54
3 5 35 54
4 5 35 54
4 6 35 54
5 7 35 54
5 8 35 54
6 9 35 54
6 10 35 54
7 10 35 54
7 11 35 54
8 11 35 54
8 12 35 54
9 13 35 54
9 14 35 54
10 15 35 54
10 16 35 54
11 16 35 54
11 17 35 54
12 18 35 54
12 19 35 54
13 19 35 54
13 20 35 54
14 21 35 54
14 22 35 54
15 22 35 54
15 23 35 54
16 24 35 54
16 25 35 54
17 25 35 54
17 26 35 54
18 27 35 54
18 28 35 54
19 29 35 54
19 30 35 54
20 30 35 54
20 31 35 54
21 32 35 54
22 33 35 54
22 34 35 54
23 35 35 54
23 36 35 54
24 36 35 54
24 37 35 54
25 38 35 54
25 39 35 54
26 39 35 54
26 40 35 54
27 41 35 54
27 42 35 54
28 43 35 54
29 44 35 54
29 45 35 54
30 45 35 54
30 46 35 54
31 47 35 54
31 48 35 54
32 49 35 54
32 50 35 54
33 50 35 54
33 51 35 54
34 52 35 54
34 53 35 54
35 53 35 54
35 54 35 54
36 55 35 54
36 56 35 54
37 56 35 54
37 57 35 54
38 58 35 54
38 59 35 54
39 59 35 54
39 60 35 54
40 61 35 54
40 62 35 54
41 63 35 54
41 64 35 54
42 64 35 54
42 65 35 54
43 65 35 54
43 66 35 54
44 67 35 54
44 68 35 54
45 69 35 54
45 70 35 54
46 70 35 54
46 71 35 54
47 72 35 54
47 73 35 54
48 73 35 54
48 74 35 54
49 75 35 54
49 76 35 54
50 76 35 54
50 77 35 54
51 78 35 54
51 79 35 54
52 79 35 54
51 80 -35 54
51 81 -35 54
50 82 -35 54
50 83 -35 54
49 83 -35 54
49 84 -35 54
48 84 -35 54
48 85 -35 54
47 86 -35 54
47 87 -35 54
46 87 -35 54
46 88 -35 54
46 89 -35 54
45 89 -35 54
45 90 -35 54
44 91 -35 54
44 92 -35 54
43 92 -35 54
43 93 -35 54
42 94 -35 54
41 95 -35 54
41 96 -35 54
40 97 -35 54
40 98 -35 54
39 98 -35 54
39 99 -35 54
38 100 -35 54
38 101 -35 54
37 101 -35 54
37 102 -35 54
37 103 -35 54
36 103 -35 54
36 104 -35 54
35 105 -35 54
34 106 -35 54
34 107 -35 54
33 107 -35 54
33 108 -35 54
33 109 -35 54
32 109 -35 54
32 110 -35 54
31 111 -35 54
31 112 -35 54
30 112 -35 54
30 113 -35 54
29 114 -35 54
29 115 -35 54
28 116 -35 54
27 117 -35 54
27 118 -35 54
26 118 -35 54
26 119 -35 54
25 120 -35 54
25 121 -35 54
24 121 -35 54
24 122 -35 54
24 123 -35 54
23 123 -35 54
23 124 -35 54
22 125 -35 54
22 126 -35 54
21 126 -35 54
21 127 -35 54
20 127 -35 54
20 128 -35 54
19 129 -35 54
19 130 -35 54
18 131 -35 54
18 132 -35 54
17 132 -35 54
17 133 -35 54
16 134 -35 54
16 135 -35 54
15 136 -35 54
15 137 -35 54
14 137 -35 54
14 138 -35 54
13 138 -35 54
13 139 -35 54
12 140 -35 54
12 141 -35 54
11 141 -35 54
11 142 -35 54
11 143 -35 54
10 143 -35 54
10 144 -35 54
9 145 -35 54
9 146 -35 54
8 146 -35 54
8 147 -35 54
7 148 -35 54
6 149 -35 54
6 150 -35 54
5 151 -35 54
5 152 -35 54
4 152 -35 54
4 153 -35 54
3 154 -35 54
3 155 -35 54
2 155 -35 54
2 156 -35 54
2 157 -35 54
1 157 -35 54
1 158 -35 54
0 159 -35 54
1 158 35 -54
1 157 35 -54
2 157 35 -54
2 156 35 -54
2 155 35 -54
3 155 35 -54
3 154 35 -54
4 153 35 -54
4 152 35 -54
5 152 35 -54
5 151 35 -54
6 150 35 -54
6 149 35 -54
7 148 35 -54
8 147 35 -54
8 146 35 -54
9 146 35 -54
9 145 35 -54
10 144 35 -54
10 143 35 -54
11 143 35 -54
11 142 35 -54
11 141 35 -54
12 141 35 -54
12 140 35 -54
13 139 35 -54
13 138 35 -54
14 138 35 -54
14 137 35 -54
15 137 35 -54
15 136 35 -54
16 135 35 -54
16 134 35 -54
17 133 35 -54
17 132 35 -54
18 132 35 -54
18 131 35 -54
19 130 35 -54
19 129 35 -54
20 128 35 -54
20 127 35 -54
21 127 35 -54
21 126 35 -54
22 126 35 -54
22 125 35 -54
23 124 35 -54
23 123 35 -54
24 123 35 -54
24 122 35 -54
24 121 35 -54
25 121 35 -54
25 120 35 -54
26 119 35 -54
26 118 35 -54
27 118 35 -54
27 117 35 -54
28 116 35 -54
29 115 35 -54
29 114 35 -54
30 113 35 -54
30 112 35 -54
31 112 35 -54
31 111 35 -54
32 110 35 -54
32 109 35 -54
33 109 35 -54
33 108 35 -54
33 107 35 -54
34 107 35 -54
34 106 35 -54
35 105 35 -54
36 104 35 -54
36 103 35 -54
37 103 35 -54
37 102 35 -54
37 101 35 -54
38 101 35 -54
38 100 35 -54
39 99 35 -54
39 98 35 -54
40 98 35 -54
40 97 35 -54
41 96 35 -54
41 95 35 -54
42 94 35 -54
43 93 35 -54
43 92 35 -54
44 92 35 -54
44 91 35 -54
45 90 35 -54
45 89 35 -54
46 89 35 -54
46 88 35 -54
46 87 35 -54
47 87 35 -54
47 86 35 -54
48 85 35 -54
48 84 35 -54
49 84 35 -54
49 83 35 -54
50 83 35 -54
50 82 35 -54
51 81 35 -54
51 80 35 -54
52 79 35 -54
51 79 -35 -54
51 78 -35 -54
50 77 -35 -54
50 76 -35 -54
49 76 -35 -54
49 75 -35 -54
48 74 -35 -54
48 73 -35 -54
47 73 -35 -54
47 72 -35 -54
46 71 -35 -54
46 70 -35 -54
45 70 -35 -54
45 69 -35 -54
44 68 -35 -54
44 67 -35 -54
43 66 -35 -54
43 65 -35 -54
42 65 -35 -54
42 64 -35 -54
41 64 -35 -54
41 63 -35 -54
40 62 -35 -54
40 61 -35 -54
39 60 -35 -54
39 59 -35 -54
38 59 -35 -54
38 58 -35 -54
37 57 -35 -54
37 56 -35 -54
36 56 -35 -54
36 55 -35 -54
35 54 -35 -54
35 53 -35 -54
34 53 -35 -54
34 52 -35 -54
33 51 -35 -54
33 50 -35 -54
32 50 -35 -54
32 49 -35 -54
31 48 -35 -54
31 47 -35 -54
30 46 -35 -54
30 45 -35 -54
29 45 -35 -54
29 44 -35 -54
28 43 -35 -54
27 42 -35 -54
27 41 -35 -54
26 40 -35 -54
26 39 -35 -54
25 39 -35 -54
25 38 -35 -54
24 37 -35 -54
24 36 -35 -54
23 36 -35 -54
23 35 -35 -54
22 34 -35 -54
22 33 -35 -54
21 32 -35 -54
20 31 -35 -54
20 30 -35 -54
19 30 -35 -54
19 29 -35 -54
18 28 -35 -54
18 27 -35 -54
17 26 -35 -54
17 25 -35 -54
16 25 -35 -54
16 24 -35 -54
15 23 -35 -54
15 22 -35 -54
14 22 -35 -54
14 21 -35 -54
13 20 -35 -54
13 19 -35 -54
12 19 -35 -54
12 18 -35 -54
11 17 -35 -54
11 16 -35 -54
10 16 -35 -54
10 15 -35 -54
9 14 -35 -54
9 13 -35 -54
8 12 -35 -54
8 11 -35 -54
7 11 -35 -54
7 10 -35 -54
6 10 -35 -54
6 9 -35 -54
5 8 -35 -54
5 7 -35 -54
4 6 -35 -54
4 5 -35 -54
3 5 -35 -54
3 4 -35 -54
2 3 -35 -54
2 2 -35 -54
1 2 -35 -54
1 1 -35 -54
0 0 -35 -54
1 1 35 54
1 2 35 54
2 2 35 54
2 3 35 54
3 4 35 54
3 5 35 54
4 5 35 54
4 6 35 54
5 7 35 54
5 8 35 54
6 9 35 54
6 10 35 54
7 10 35 54
7 11 35 54
8 11 35 54
8 12 35 54
9 13 35 54
9 14 35 54
10 15 35 54
10 16 35 54
11 16 35 54
11 17 35 54
12 18 35 54
12 19 35 54
13 19 35 54
13 20 35 54
14 21 35 54
14 22 35 54
15 22 35 54
15 23 35 54
16 24 35 54
16 25 35 54
17 25 35 54
17 26 35 54
18 27 35 54
18 28 35 54
19 29 35 54
19 30 35 54
20 30 35 54
20 31 35 54
21 32 35 54
22 33 35 54
22 34 35 54
23 35 35 54
23 36 35 54
24 36 35 54
24 37 35 54
25 38 35 54
25 39 35 54
26 39 35 54
26 40 35 54
27 41 35 54
27 42 35 54
28 43 35 54
29 44 35 54
29 45 35 54
30 45 35 54
30 46 35 54
31 47 35 54
31 48 35 54
32 49 35 54
32 50 35 54
33 50 35 54
33 51 35 54
34 52 35 54
34 53 35 54
35 53 35 54
35 54 35 54
36 55 35 54
36 56 35 54
37 56 35 54
37 57 35 54
38 58 35 54
38 59 35 54
39 59 35 54
39 60 35 54
40 61 35 54
40 62 35 54
41 63 35 54
41 64 35 54
42 64 35 54
42 65 35 54
43 65 35 54
43 66 35 54
44 67 35 54
44 68 35 54
45 69 35 54
45 70 35 54
46 70 35 54
46 71 35 54
47 72 35 54
47 73 35 54
48 73 35 54
48 74 35 54
49 75 35 54
49 76 35 54
50 76 35 54
50 77 35 54
51 78 35 54
51 79 35 54
52 79 35 54
51 80 -35 54
51 81 -35 54
50 82 -35 54
50 83 -35 54
49 83 -35 54
49 84 -35 54
48 84 -35 54
48 85 -35 54
47 86 -35 54
47 87 -35 54
46 87 -35 54
46 88 -35 54
46 89 -35 54
45 89 -35 54
45 90 -35 54
44 91 -35 54
44 92 -35 54
43 92 -35 54
43 93 -35 54
42 94 -35 54
41 95 -35 54
41 96 -35 54
40 97 -35 54
40 98 -35 54
39 98 -35 54
39 99 -35 54
38 100 -35 54
38 101 -35 54
37 101 -35 54
37 102 -35 54
37 103 -35 54
36 103 -35 54
36 104 -35 54
35 105 -35 54
34 106 -35 54
34 107 -35 54
33 107 -35 54
33 108 -35 54
33 109 -35 54
32 109 -35 54
32 110 -35 54
31 111 -35 54
31 112 -35 54
30 112 -35 54
30 113 -35 54
29 114 -35 54
29 115 -35 54
28 116 -35 54
27 117 -35 54
27 118 -35 54
26 118 -35 54
26 119 -35 54
25 120 -35 54
25 121 -35 54
24 121 -35 54
24 122 -35 54
24 123 -35 54
23 123 -35 54
23 124 -35 54
22 125 -35 54
22 126 -35 54
21 126 -35 54
21 127 -35 54
20 127 -35 54
20 128 -35 54
19 129 -35 54
19 130 -35 54
18 131 -35 54
18 132 -35 54
17 132 -35 54
17 133 -35 54
16 134 -35 54
16 135 -35 54
15 136 -35 54
15 137 -35 54
14 137 -35 54
14 138 -35 54
13 138 -35 54
13 139 -35 54
12 140 -35 54
12 141 -35 54
11 141 -35 54
11 142 -35 54
11 143 -35 54
10 143 -35 54
10 144 -35 54
9 145 -35 54
9 146 -35 54
8 146 -35 54
8 147 -35 54
7 148 -35 54
6 149 -35 54
6 150 -35 54
5 151 -35 54
5 152 -35 54
4 152 -35 54
4 153 -35 54
3 154 -35 54
3 155 -35 54
2 155 -35 54
2 156 -35 54
2 157 -35 54
1 157 -35 54
1 158 -35 54
0 159 -35 54
1 158 35 -54
1 157 35 -54
2 157 35 -54
2 156 35 -54
2 155 35 -54
3 155 35 -54
3 154 35 -54
4 153 35 -54
4 152 35 -54
5 152 35 -54
5 151 35 -54
6 150 35 -54
6 149 35 -54
7 148 35 -54
8 147 35 -54
8 146 35 -54
9 146 35 -54
9 145 35 -54
10 144 35 -54
10 143 35 -54
11 143 35 -54
11 142 35 -54
11 141 35 -54
12 141 35 -54
12 140 35 -54
13 139 35 -54
13 138 35 -54
14 138 35 -54
14 137 35 -54
15 137 35 -54
15 136 35 -54
16 135 35 -54
16 134 35 -54
17 133 35 -54
17 132 35 -54
18 132 35 -54
18 131 35 -54
19 130 35 -54
19 129 35 -54
20 128 35 -54
20 127 35 -54
21 127 35 -54
21 126 35 -54
22 126 35 -54
22 125 35 -54
23 124 35 -54
23 123 35 -54
24 123 35 -54
24 122 35 -54
24 121 35 -54
25 121 35 -54
25 120 35 -54
26 119 35 -54
26 118 35 -54
27 118 35 -54
27 117 35 -54
28 116 35 -54
29 115 35 -54
29 114 35 -54
30 113 35 -54
30 112 35 -54
31 112 35 -54
31 111 35 -54
32 110 35 -54
32 109 35 -54
33 109 35 -54
33 108 35 -54
33 107 35 -54
34 107 35 -54
34 106 35 -54
35 105 35 -54
36 104 35 -54
36 103 35 -54
37 103 35 -54
37 102 35 -54
37 101 35 -54
38 101 35 -54
38 100 35 -54
39 99 35 -54
39 98 35 -54
40 98 35 -54
40 97 35 -54
41 96 35 -54
41 95 35 -54
42 94 35 -54
43 93 35 -54
43 92 35 -54
44 92 35 -54
44 91 35 -54
45 90 35 -54
45 89 35 -54
46 89 35 -54
46 88 35 -54
46 87 35 -54
47 87 35 -54
47 86 35 -54
48 85 35 -54
48 84 35 -54
49 84 35 -54
49 83 35 -54
50 83 35 -54
50 82 35 -54
51 81 35 -54
51 80 35 -54
52 79 35 -54
51 79 -35 -54
51 78 -35 -54
50 77 -35 -54
50 76 -35 -54
49 76 -35 -54
49 75 -35 -54
48 74 -35 -54
48 73 -35 -54
47 73 -35 -54
47 72 -35 -54
46 71 -35 -54
46 70 -35 -54
45 70 -35 -54
45 69 -35 -54
44 68 -35 -54
44 67 -35 -54
43 66 -35 -54
43 65 -35 -54
42 65 -35 -54
42 64 -35 -54
41 64 -35 -54
41 63 -35 -54
40 62 -35 -54
40 61 -35 -54
39 60 -35 -54
39 59 -35 -54
38 59 -35 -54
38 58 -35 -54
37 57 -35 -54
37 56 -35 -54
36 56 -35 -54
36 55 -35 -54
35 54 -35 -54
35 53 -35 -54
34 53 -35 -54
34 52 -35 -54
33 51 -35 -54
33 50 -35 -54
32 50 -35 -54
32 49 -35 -54
31 48 -35 -54
31 47 -35 -54
30 46 -35 -54
30 45 -35 -54
29 45 -35 -54
29 44 -35 -54
28 43 -35 -54
27 42 -35 -54
27 41 -35 -54
26 40 -35 -54
26 39 -35 -54
25 39 -35 -54
25 38 -35 -54
24 37 -35 -54
24 36 -35 -54
23 36 -35 -54
23 35 -35 -54
22 34 -35 -54
22 33 -35 -54
21 32 -35 -54
20 31 -35 -54
20 30 -35 -54
19 30 -35 -54
19 29 -35 -54
18 28 -35 -54
18 27 -35 -54
17 26 -35 -54
17 25 -35 -54
